3.013864479191072365e-01
5.615712838761056647e-01
1.951221321326618852e-01
-1.802993419780730966e-01
-1.489795982644052386e-01
4.873127565097870595e-02
9.472611617442454335e-02
2.858279499811117175e-02
-1.182990419944178057e-01
-4.327022052534663099e-01
8.206392690937702739e-01
3.874128149416196987e+00
-6.150634824114892929e+00
-2.395137327631275426e+01
3.360829593817840077e+01
1.042680140066570829e+02
-1.339183025721297611e+02
-3.278292900982037281e+02
3.943320197774955886e+02
7.569647020275385785e+02
-8.652621017316403140e+02
-1.293255428967056559e+03
1.418051901824969036e+03
1.631681015187793946e+03
-1.726988688768836482e+03
-1.500752455387101463e+03
1.539894470186240369e+03
9.782292806080723722e+02
-9.761631444059870546e+02
-4.281268483939949192e+02
4.164930082949657617e+02
1.128295789705546355e+02
-1.072162947846783538e+02
-1.353220528434061265e+01
1.258120526941314665e+01
