3.079347173545967098e-01
5.660298031534695129e-01
1.887204647457396134e-01
-1.871533321268569749e-01
-1.459898023417726398e-01
5.551016201103926156e-02
9.773157918579145065e-02
1.308299581248672031e-02
-1.805827461901765296e-01
-2.805759005011083107e-01
1.538396109091583863e+00
2.577437745304254069e+00
-1.174214320265877198e+01
-1.624900941013739697e+01
6.405817379339326578e+01
7.156065850453545352e+01
-2.534459293931955131e+02
-2.262640953822548511e+02
7.397424504132075072e+02
5.233637089367655335e+02
-1.609152629580486973e+03
-8.935778548719001719e+02
2.616854594086696125e+03
1.125108851648597920e+03
-3.166096438598657187e+03
-1.031932151296815618e+03
2.807797410079494512e+03
6.705270967099053223e+02
-1.772007714043194710e+03
-2.925126536542923077e+02
7.533029297334687726e+02
7.684626684426893917e+01
-1.933379306697561617e+02
-9.188966362929294363e+00
2.262993187604120138e+01
